filename	trueclass	predclass_prob	numfeatures
d_abraham_ribicoff_19670123_900004233.txt	1	0.8798734	671
d_abraham_ribicoff_19670123_900004235.txt	1	0.7579544	671
d_abraham_ribicoff_19670202_900008054.txt	1	0.8575611	671
d_abraham_ribicoff_19670206_900009597.txt	1	0.7113717	671
d_abraham_ribicoff_19670206_900009605.txt	1	0.7303248	671
d_abraham_ribicoff_19670209_900012645.txt	1	0.8810309	671
d_abraham_ribicoff_19670217_900014104.txt	1	0.7252429	671
d_abraham_ribicoff_19670217_900014741.txt	1	0.6633582	671
d_abraham_ribicoff_19670301_900019892.txt	1	0.7697324	671
d_abraham_ribicoff_19670302_900021304.txt	1	0.8346546	671
d_abraham_ribicoff_19670302_900021350.txt	1	0.75612843	671
d_abraham_ribicoff_19670308_900024734.txt	1	0.75793946	671
d_abraham_ribicoff_19670316_900029691.txt	1	0.8760534	671
d_abraham_ribicoff_19670405_900034838.txt	1	0.72752774	671
d_abraham_ribicoff_19670405_900034991.txt	1	0.81530184	671
d_abraham_ribicoff_19670405_900035007.txt	1	0.7794899	671
d_abraham_ribicoff_19670405_900035013.txt	1	0.77289796	671
d_abraham_ribicoff_19670405_900035025.txt	1	0.80296296	671
d_abraham_ribicoff_19670405_900035040.txt	1	0.79859257	671
d_abraham_ribicoff_19670405_900035042.txt	1	0.7538923	671
d_abraham_ribicoff_19670405_900035074.txt	1	0.81064284	671
d_abraham_ribicoff_19670405_900035097.txt	1	0.8078576	671
d_abraham_ribicoff_19670405_900035102.txt	1	0.71259695	671
d_abraham_ribicoff_19670412_900039143.txt	1	0.77814335	671
d_abraham_ribicoff_19670412_900039166.txt	1	0.6613538	671
d_abraham_ribicoff_19670413_900039520.txt	1	0.7151731	671
d_abraham_ribicoff_19670414_900040584.txt	1	0.776471	671
d_abraham_ribicoff_19670414_900040725.txt	1	0.7455972	671
d_abraham_ribicoff_19670414_900040825.txt	1	0.73294574	671
d_abraham_ribicoff_19670414_900041018.txt	1	0.77128386	671
d_abraham_ribicoff_19670414_900041019.txt	1	0.74416333	671
d_abraham_ribicoff_19670417_900041399.txt	1	0.67403984	671
d_abraham_ribicoff_19670419_900042934.txt	1	0.70158195	671
d_abraham_ribicoff_19670420_900043364.txt	1	0.8474751	671
d_abraham_ribicoff_19670425_900045297.txt	1	0.82393324	671
d_abraham_ribicoff_19670518_900056940.txt	1	0.7766417	671
d_abraham_ribicoff_19670614_900071606.txt	1	0.7985362	671
d_abraham_ribicoff_19670627_900081252.txt	1	0.7512026	671
d_abraham_ribicoff_19670627_900081731.txt	1	0.6613538	671
d_abraham_ribicoff_19670628_900082512.txt	1	0.8272232	671
d_abraham_ribicoff_19670712_900086613.txt	1	0.8611282	671
d_abraham_ribicoff_19670713_900089010.txt	1	0.69544345	671
d_abraham_ribicoff_19670713_900089092.txt	1	0.7468077	671
d_abraham_ribicoff_19670724_900093327.txt	1	0.7344768	671
d_abraham_ribicoff_19670724_900093328.txt	1	0.73100287	671
d_abraham_ribicoff_19670727_900095665.txt	1	0.9135487	671
d_abraham_ribicoff_19670727_900095695.txt	1	0.7808106	671
d_abraham_ribicoff_19670808_900101269.txt	1	0.8132585	671
d_abraham_ribicoff_19670808_900101277.txt	1	0.8294576	671
d_abraham_ribicoff_19670810_900103505.txt	1	0.84278744	671
d_abraham_ribicoff_19670811_900105088.txt	1	0.70393586	671
d_abraham_ribicoff_19670822_900111903.txt	1	0.8532567	671
d_abraham_ribicoff_19670822_900111964.txt	1	0.77284455	671
d_abraham_ribicoff_19670830_900117023.txt	1	0.7909594	671
d_abraham_ribicoff_19670831_900117407.txt	1	0.8081548	671
d_abraham_ribicoff_19670920_900125494.txt	1	0.8831224	671
d_abraham_ribicoff_19671003_900134328.txt	1	0.63949084	671
d_abraham_ribicoff_19671003_900134341.txt	1	0.80445784	671
d_abraham_ribicoff_19671003_900134345.txt	1	0.77500516	671
d_abraham_ribicoff_19671003_900134397.txt	1	0.8454895	671
d_abraham_ribicoff_19671003_900134401.txt	1	0.7947507	671
d_abraham_ribicoff_19671003_900134407.txt	1	0.7149476	671
d_abraham_ribicoff_19671005_900137807.txt	1	0.7571505	671
d_abraham_ribicoff_19671018_900143587.txt	1	0.7980653	671
d_abraham_ribicoff_19671107_900156185.txt	1	0.73481137	671
d_abraham_ribicoff_19671108_900156437.txt	1	0.882247	671
d_abraham_ribicoff_19671113_900159013.txt	1	0.8017502	671
d_abraham_ribicoff_19671115_900161372.txt	1	0.83659816	671
d_abraham_ribicoff_19671116_900162917.txt	1	0.79144114	671
d_abraham_ribicoff_19671120_900165630.txt	1	0.74626434	671
d_abraham_ribicoff_19671120_900165890.txt	1	0.77552176	671
d_abraham_ribicoff_19671121_900167928.txt	1	0.8700697	671
d_abraham_ribicoff_19671121_900168143.txt	1	0.88178384	671
d_abraham_ribicoff_19671121_900168147.txt	1	0.7793578	671
d_abraham_ribicoff_19671121_900168487.txt	1	0.74914485	671
d_abraham_ribicoff_19671122_900169220.txt	1	0.784043	671
d_abraham_ribicoff_19680122_900187116.txt	1	0.7265051	671
d_abraham_ribicoff_19680124_900188680.txt	1	0.7856267	671
d_abraham_ribicoff_19680227_900201497.txt	1	0.79086316	671
d_abraham_ribicoff_19680301_900204162.txt	1	0.72775143	671
d_abraham_ribicoff_19680301_900204172.txt	1	0.79216844	671
d_abraham_ribicoff_19680315_900213206.txt	1	0.8134899	671
d_abraham_ribicoff_19680408_900228097.txt	1	0.86887306	671
d_abraham_ribicoff_19680418_900230894.txt	1	0.7376497	671
d_abraham_ribicoff_19680423_900232673.txt	1	0.7738069	671
d_abraham_ribicoff_19680426_900234300.txt	1	0.7492358	671
d_abraham_ribicoff_19680501_900235601.txt	1	0.8744373	671
d_abraham_ribicoff_19680502_900237197.txt	1	0.7424748	671
d_abraham_ribicoff_19680507_900238693.txt	1	0.8347573	671
d_abraham_ribicoff_19680508_900240300.txt	1	0.8202311	671
d_abraham_ribicoff_19680515_900244614.txt	1	0.7896027	671
d_abraham_ribicoff_19680516_900246274.txt	1	0.7654856	671
d_abraham_ribicoff_19680617_900264217.txt	1	0.8608908	671
d_abraham_ribicoff_19680618_900265286.txt	1	0.845319	671
d_abraham_ribicoff_19680625_900268687.txt	1	0.762465	671
d_abraham_ribicoff_19680626_900269880.txt	1	0.8331877	671
d_abraham_ribicoff_19680718_900286988.txt	1	0.8362203	671
d_abraham_ribicoff_19680723_900293354.txt	1	0.83021575	671
d_abraham_ribicoff_19680727_900298377.txt	1	0.6739547	671
d_abraham_ribicoff_19680731_900302973.txt	1	0.65720224	671
d_abraham_ribicoff_19680731_900302977.txt	1	0.6850589	671
d_abraham_ribicoff_19680911_900309438.txt	1	0.85910916	671
d_abraham_ribicoff_19681001_900322766.txt	1	0.8209962	671
d_alan_bible_19670112_900001132.txt	1	0.8218277	671
d_alan_bible_19670316_900029625.txt	1	0.75999683	671
d_alan_bible_19670316_900029653.txt	1	0.85939723	671
d_alan_bible_19670413_900039486.txt	1	0.6232769	671
d_alan_bible_19670503_900049437.txt	1	0.69949347	671
d_alan_bible_19670508_900051205.txt	1	0.73002493	671
d_alan_bible_19670508_900051216.txt	1	0.80876964	671
d_alan_bible_19670517_900056046.txt	1	0.7714026	671
d_alan_bible_19670517_900056050.txt	1	0.6872089	671
d_alan_bible_19670517_900056077.txt	1	0.67670524	671
d_alan_bible_19670605_900065228.txt	1	0.7306419	671
d_alan_bible_19670621_900077778.txt	1	0.71996063	671
d_alan_bible_19670627_900081262.txt	1	0.81753093	671
d_alan_bible_19670628_900082699.txt	1	0.7517646	671
d_alan_bible_19670712_900086643.txt	1	0.80939007	671
d_alan_bible_19670713_900088818.txt	1	0.8103937	671
d_alan_bible_19670808_900100985.txt	1	0.7730955	671
d_alan_bible_19670809_900102993.txt	1	0.7918465	671
d_alan_bible_19670920_900125443.txt	1	0.76604235	671
d_alan_bible_19671002_900133167.txt	1	0.8421396	671
d_alan_bible_19671018_900143597.txt	1	0.7149374	671
d_alan_bible_19671113_900159393.txt	1	0.7424217	671
d_alan_bible_19671114_900160990.txt	1	0.7769598	671
d_alan_bible_19671114_900160994.txt	1	0.68835694	671
d_alan_bible_19671114_900161002.txt	1	0.74527526	671
d_alan_bible_19671114_900161147.txt	1	0.7111287	671
d_alan_bible_19671121_900168752.txt	1	0.7555574	671
d_alan_bible_19671121_900168766.txt	1	0.6791951	671
d_alan_bible_19671130_900173904.txt	1	0.82044244	671
d_alan_bible_19671130_900173906.txt	1	0.8212293	671
d_alan_bible_19671212_900180912.txt	1	0.7642346	671
d_alan_bible_19680208_900195397.txt	1	0.7456912	671
d_alan_bible_19680228_900202810.txt	1	0.7692166	671
d_alan_bible_19680401_900224449.txt	1	0.7684367	671
d_alan_bible_19680410_900228928.txt	1	0.82534444	671
d_alan_bible_19680507_900238595.txt	1	0.8280769	671
d_alan_bible_19680515_900244238.txt	1	0.8588069	671
d_alan_bible_19680517_900246418.txt	1	0.88234633	671
d_alan_bible_19680610_900259884.txt	1	0.70838416	671
d_alan_bible_19680610_900259972.txt	1	0.81925064	671
d_alan_bible_19680610_900260052.txt	1	0.7548934	671
d_alan_bible_19680626_900270300.txt	1	0.74911076	671
d_alan_bible_19680626_900270310.txt	1	0.7964423	671
d_alan_bible_19680730_900300239.txt	1	0.7191399	671
d_alan_bible_19680801_900303165.txt	1	0.755082	671
d_alan_bible_19680801_900303314.txt	1	0.7444872	671
d_alan_bible_19680801_900303355.txt	1	0.73874104	671
d_alan_bible_19680801_900303367.txt	1	0.72818536	671
d_alan_bible_19680801_900303412.txt	1	0.7080348	671
d_alan_bible_19680802_900304651.txt	1	0.8671264	671
d_albert_gore_19670118_900002788.txt	1	0.7713609	671
d_albert_gore_19670118_900002927.txt	1	0.78522915	671
d_albert_gore_19670118_900002971.txt	1	0.76944304	671
d_albert_gore_19670118_900003007.txt	1	0.77485317	671
d_albert_gore_19670118_900003053.txt	1	0.7936127	671
d_albert_gore_19670119_900003375.txt	1	0.8179128	671
d_albert_gore_19670313_900026795.txt	1	0.8177166	671
d_albert_gore_19670314_900026959.txt	1	0.81674856	671
d_albert_gore_19670314_900026964.txt	1	0.82602847	671
d_albert_gore_19670315_900028312.txt	1	0.6538332	671
d_albert_gore_19670315_900028358.txt	1	0.8191487	671
d_albert_gore_19670404_900034332.txt	1	0.7553389	671
d_albert_gore_19670404_900034391.txt	1	0.63096035	671
d_albert_gore_19670404_900034395.txt	1	0.75189537	671
d_albert_gore_19670404_900034399.txt	1	0.830232	671
d_albert_gore_19670404_900034462.txt	1	0.72098273	671
d_albert_gore_19670404_900034468.txt	1	0.77683645	671
d_albert_gore_19670404_900034489.txt	1	0.693948	671
d_albert_gore_19670405_900034938.txt	1	0.7714877	671
d_albert_gore_19670405_900035016.txt	1	0.759745	671
d_albert_gore_19670405_900035024.txt	1	0.76366293	671
d_albert_gore_19670405_900035065.txt	1	0.80945164	671
d_albert_gore_19670412_900039014.txt	1	0.74547553	671
d_albert_gore_19670412_900039159.txt	1	0.7563106	671
d_albert_gore_19670412_900039340.txt	1	0.8790697	671
d_albert_gore_19670413_900039771.txt	1	0.80703956	671
d_albert_gore_19670418_900041833.txt	1	0.84982824	671
d_albert_gore_19670419_900042543.txt	1	0.72731596	671
d_albert_gore_19670419_900043155.txt	1	0.7693491	671
d_albert_gore_19670420_900043558.txt	1	0.684821	671
d_albert_gore_19670425_900045374.txt	1	0.7241126	671
d_albert_gore_19670425_900045381.txt	1	0.8724129	671
d_albert_gore_19670425_900045442.txt	1	0.71187556	671
d_albert_gore_19670425_900045455.txt	1	0.7132766	671
d_albert_gore_19670425_900045474.txt	1	0.7707242	671
d_albert_gore_19670425_900045552.txt	1	0.7510882	671
d_albert_gore_19670425_900045558.txt	1	0.7229215	671
d_albert_gore_19670426_900046739.txt	1	0.7568333	671
d_albert_gore_19670426_900046749.txt	1	0.82858855	671
d_albert_gore_19670426_900046780.txt	1	0.7090749	671
d_albert_gore_19670426_900046788.txt	1	0.7027049	671
d_albert_gore_19670426_900046801.txt	1	0.72908133	671
d_albert_gore_19670426_900046924.txt	1	0.75346416	671
d_albert_gore_19670502_900049265.txt	1	0.8741589	671
d_albert_gore_19670502_900049275.txt	1	0.77377665	671
d_albert_gore_19670502_900049289.txt	1	0.7812865	671
d_albert_gore_19670503_900049672.txt	1	0.7312553	671
d_albert_gore_19670504_900050879.txt	1	0.78074336	671
d_albert_gore_19670504_900050939.txt	1	0.72424465	671
d_albert_gore_19670504_900050941.txt	1	0.7249624	671
d_albert_gore_19670504_900051078.txt	1	0.79548764	671
d_albert_gore_19670504_900051082.txt	1	0.7478395	671
d_albert_gore_19670509_900052058.txt	1	0.7461755	671
d_albert_gore_19670509_900052180.txt	1	0.75173485	671
d_albert_gore_19670509_900052229.txt	1	0.80688536	671
d_albert_gore_19670509_900052238.txt	1	0.8311755	671
d_albert_gore_19670509_900052299.txt	1	0.8040388	671
d_albert_gore_19670509_900052303.txt	1	0.6260585	671
d_albert_gore_19670509_900052313.txt	1	0.76373315	671
d_albert_gore_19670509_900052321.txt	1	0.7466337	671
d_albert_gore_19670509_900052419.txt	1	0.7297658	671
d_albert_gore_19670517_900055701.txt	1	0.8079096	671
d_albert_gore_19670517_900055727.txt	1	0.80352604	671
d_albert_gore_19670518_900057057.txt	1	0.7478348	671
d_albert_gore_19670614_900071046.txt	1	0.7380967	671
d_albert_gore_19670615_900073678.txt	1	0.72452235	671
d_albert_gore_19670615_900073689.txt	1	0.6960103	671
d_albert_gore_19670615_900073693.txt	1	0.7229919	671
d_albert_gore_19670626_900080768.txt	1	0.7904717	671
d_albert_gore_19670712_900086874.txt	1	0.7654186	671
d_albert_gore_19670721_900092909.txt	1	0.7459724	671
d_albert_gore_19670721_900092967.txt	1	0.67677855	671
d_albert_gore_19670725_900094597.txt	1	0.7616681	671
d_albert_gore_19670814_900106116.txt	1	0.75742173	671
d_albert_gore_19670814_900106127.txt	1	0.7436263	671
d_albert_gore_19670815_900106509.txt	1	0.7484157	671
d_albert_gore_19670815_900106546.txt	1	0.77333874	671
d_albert_gore_19670815_900106655.txt	1	0.77398664	671
d_albert_gore_19670823_900113468.txt	1	0.7028988	671
d_albert_gore_19671101_900152484.txt	1	0.88274467	671
d_albert_gore_19671121_900168422.txt	1	0.7803159	671
d_albert_gore_19671122_900169309.txt	1	0.8457107	671
d_albert_gore_19671128_900171174.txt	1	0.7776612	671
d_albert_gore_19671128_900171235.txt	1	0.66280055	671
d_albert_gore_19671128_900171237.txt	1	0.7849206	671
d_albert_gore_19671129_900173022.txt	1	0.74084467	671
d_albert_gore_19671205_900176552.txt	1	0.7405815	671
d_albert_gore_19671212_900181315.txt	1	0.79530597	671
d_albert_gore_19671212_900181331.txt	1	0.77138716	671
d_albert_gore_19671213_900181567.txt	1	0.70595765	671
d_albert_gore_19671213_900181576.txt	1	0.788064	671
d_albert_gore_19671213_900181656.txt	1	0.78329414	671
d_albert_gore_19671214_900183511.txt	1	0.70694643	671
d_albert_gore_19680219_900198075.txt	1	0.6715683	671
d_albert_gore_19680305_900205928.txt	1	0.76213014	671
d_albert_gore_19680307_900208508.txt	1	0.7451179	671
d_albert_gore_19680307_900208634.txt	1	0.8798478	671
d_albert_gore_19680318_900213833.txt	1	0.82775474	671
d_albert_gore_19680328_900222327.txt	1	0.7794145	671
d_albert_gore_19680418_900230964.txt	1	0.8950072	671
d_albert_gore_19680507_900238575.txt	1	0.78869694	671
d_albert_gore_19680515_900244611.txt	1	0.84033114	671
d_albert_gore_19680521_900247815.txt	1	0.72917694	671
d_albert_gore_19680521_900248102.txt	1	0.7477311	671
d_albert_gore_19680523_900251521.txt	1	0.6971864	671
d_albert_gore_19680523_900252146.txt	1	0.71721816	671
d_albert_gore_19680523_900252148.txt	1	0.78264266	671
d_albert_gore_19680523_900252150.txt	1	0.7843864	671
d_albert_gore_19680524_900252474.txt	1	0.78322	671
d_albert_gore_19680612_900261593.txt	1	0.8032344	671
d_albert_gore_19680612_900261597.txt	1	0.8274344	671
d_albert_gore_19680626_900270264.txt	1	0.72878927	671
d_albert_gore_19680711_900281277.txt	1	0.82273275	671
d_albert_gore_19680711_900281297.txt	1	0.82847506	671
d_albert_gore_19680724_900293829.txt	1	0.7244758	671
d_albert_gore_19681001_900322543.txt	1	0.79205704	671
d_albert_gore_19681002_900323458.txt	1	0.786465	671
d_albert_gore_19681003_900324771.txt	1	0.7526525	671
d_albert_gore_19681003_900324772.txt	1	0.7201806	671
d_albert_gore_19681011_900331200.txt	1	0.73885924	671
d_allen_ellender_19670125_900005105.txt	1	0.7796144	671
d_allen_ellender_19670217_900014225.txt	1	0.80956787	671
d_allen_ellender_19670217_900014238.txt	1	0.7773868	671
d_allen_ellender_19670217_900014242.txt	1	0.7549671	671
d_allen_ellender_19670217_900014248.txt	1	0.8515432	671
d_allen_ellender_19670217_900014260.txt	1	0.7626511	671
d_allen_ellender_19670217_900014291.txt	1	0.7502591	671
d_allen_ellender_19670217_900014300.txt	1	0.757102	671
d_allen_ellender_19670217_900014357.txt	1	0.7678451	671
d_allen_ellender_19670217_900014410.txt	1	0.69497603	671
d_allen_ellender_19670217_900014800.txt	1	0.78202975	671
d_allen_ellender_19670220_900015288.txt	1	0.6968963	671
d_allen_ellender_19670220_900015300.txt	1	0.749128	671
d_allen_ellender_19670220_900015695.txt	1	0.72546124	671
d_allen_ellender_19670220_900015740.txt	1	0.69328094	671
d_allen_ellender_19670220_900015767.txt	1	0.72444475	671
d_allen_ellender_19670220_900015796.txt	1	0.7543691	671
d_allen_ellender_19670306_900023084.txt	1	0.8422819	671
d_allen_ellender_19670306_900023140.txt	1	0.7363945	671
d_allen_ellender_19670306_900023210.txt	1	0.78435916	671
d_allen_ellender_19670306_900023211.txt	1	0.73350906	671
d_allen_ellender_19670306_900023234.txt	1	0.543605	671
d_allen_ellender_19670306_900023238.txt	1	0.78739	671
d_allen_ellender_19670306_900023346.txt	1	0.81713206	671
d_allen_ellender_19670306_900023358.txt	1	0.63949084	671
d_allen_ellender_19670306_900023370.txt	1	0.7710065	671
d_allen_ellender_19670306_900023401.txt	1	0.8349538	671
d_allen_ellender_19670306_900023407.txt	1	0.69675136	671
d_allen_ellender_19670310_900026263.txt	1	0.88289714	671
d_allen_ellender_19670414_900040479.txt	1	0.8358259	671
d_allen_ellender_19670414_900040480.txt	1	0.78546095	671
d_allen_ellender_19670414_900040494.txt	1	0.75604975	671
d_allen_ellender_19670414_900040496.txt	1	0.79469794	671
d_allen_ellender_19670414_900040498.txt	1	0.84451187	671
d_allen_ellender_19670414_900040503.txt	1	0.80040973	671
d_allen_ellender_19670414_900040508.txt	1	0.75759315	671
d_allen_ellender_19670414_900040512.txt	1	0.7695182	671
d_allen_ellender_19670414_900040533.txt	1	0.80583256	671
d_allen_ellender_19670427_900047174.txt	1	0.72078925	671
d_allen_ellender_19670427_900047180.txt	1	0.7192565	671
d_allen_ellender_19670427_900047187.txt	1	0.69137967	671
d_allen_ellender_19670523_900058580.txt	1	0.8986357	671
d_allen_ellender_19670612_900068638.txt	1	0.59294	671
d_allen_ellender_19670612_900068642.txt	1	0.8445767	671
d_allen_ellender_19670612_900068655.txt	1	0.7585166	671
d_allen_ellender_19670612_900068688.txt	1	0.6590968	671
d_allen_ellender_19670612_900068712.txt	1	0.6985277	671
d_allen_ellender_19670612_900068735.txt	1	0.6471605	671
d_allen_ellender_19670612_900068742.txt	1	0.70332515	671
d_allen_ellender_19670612_900068874.txt	1	0.84518194	671
d_allen_ellender_19670623_900079573.txt	1	0.8096332	671
d_allen_ellender_19670710_900085133.txt	1	0.8033937	671
d_allen_ellender_19670710_900085139.txt	1	0.78797954	671
d_allen_ellender_19670710_900085145.txt	1	0.7968919	671
d_allen_ellender_19670802_900097790.txt	1	0.75675374	671
d_allen_ellender_19670808_900101317.txt	1	0.7275825	671
d_allen_ellender_19670808_900101355.txt	1	0.72791386	671
d_allen_ellender_19670808_900101358.txt	1	0.77521086	671
d_allen_ellender_19670808_900101371.txt	1	0.83913267	671
d_allen_ellender_19670808_900101377.txt	1	0.7789283	671
d_allen_ellender_19670808_900101396.txt	1	0.6694058	671
d_allen_ellender_19670808_900101408.txt	1	0.753526	671
d_allen_ellender_19670809_900103073.txt	1	0.7728555	671
d_allen_ellender_19670809_900103074.txt	1	0.74754536	671
d_allen_ellender_19670809_900103081.txt	1	0.72314423	671
d_allen_ellender_19670818_900110268.txt	1	0.73476183	671
d_allen_ellender_19670818_900110276.txt	1	0.75495785	671
d_allen_ellender_19670818_900110280.txt	1	0.7470186	671
d_allen_ellender_19670926_900128820.txt	1	0.74656504	671
d_allen_ellender_19671009_900138639.txt	1	0.9002165	671
d_allen_ellender_19671009_900138651.txt	1	0.8160631	671
d_allen_ellender_19671009_900138653.txt	1	0.7996724	671
d_allen_ellender_19671009_900138659.txt	1	0.6798995	671
d_allen_ellender_19671009_900138661.txt	1	0.7998918	671
d_allen_ellender_19671009_900138698.txt	1	0.72746235	671
d_allen_ellender_19671009_900138730.txt	1	0.8251772	671
d_allen_ellender_19671009_900138781.txt	1	0.7489218	671
d_allen_ellender_19671010_900138951.txt	1	0.7678392	671
d_allen_ellender_19671010_900139041.txt	1	0.7999253	671
d_allen_ellender_19671025_900148685.txt	1	0.75123644	671
d_allen_ellender_19671025_900148693.txt	1	0.7690621	671
d_allen_ellender_19671101_900152163.txt	1	0.705156	671
d_allen_ellender_19671101_900152172.txt	1	0.6926193	671
d_allen_ellender_19671101_900152181.txt	1	0.81022704	671
d_allen_ellender_19671101_900152211.txt	1	0.67620015	671
d_allen_ellender_19671101_900152226.txt	1	0.6882343	671
d_allen_ellender_19671101_900152272.txt	1	0.73859155	671
d_allen_ellender_19671101_900152392.txt	1	0.83831793	671
d_allen_ellender_19671101_900153458.txt	1	0.68771595	671
d_allen_ellender_19671107_900156118.txt	1	0.7138091	671
d_allen_ellender_19671107_900156122.txt	1	0.73997575	671
d_allen_ellender_19671107_900156123.txt	1	0.79181546	671
d_allen_ellender_19671109_900158849.txt	1	0.67175794	671
d_allen_ellender_19671113_900159039.txt	1	0.88195264	671
d_allen_ellender_19671113_900159047.txt	1	0.7475822	671
d_allen_ellender_19671113_900159070.txt	1	0.7602295	671
d_allen_ellender_19671113_900159080.txt	1	0.7078776	671
d_allen_ellender_19671113_900159103.txt	1	0.77500933	671
d_allen_ellender_19671113_900159110.txt	1	0.70101744	671
d_allen_ellender_19671113_900159132.txt	1	0.7009645	671
d_allen_ellender_19671115_900161386.txt	1	0.7637599	671
d_allen_ellender_19680118_900185957.txt	1	0.80216277	671
d_allen_ellender_19680122_900187064.txt	1	0.7862406	671
d_allen_ellender_19680125_900189491.txt	1	0.75180334	671
d_allen_ellender_19680215_900197453.txt	1	0.83143127	671
d_allen_ellender_19680215_900197469.txt	1	0.7738677	671
d_allen_ellender_19680215_900197476.txt	1	0.8087673	671
d_allen_ellender_19680219_900198053.txt	1	0.78167963	671
d_allen_ellender_19680227_900201462.txt	1	0.76136726	671
d_allen_ellender_19680318_900213845.txt	1	0.81004125	671
d_allen_ellender_19680318_900213847.txt	1	0.83714426	671
d_allen_ellender_19680318_900213869.txt	1	0.7650603	671
d_allen_ellender_19680318_900213870.txt	1	0.71291304	671
d_allen_ellender_19680318_900213871.txt	1	0.7878821	671
d_allen_ellender_19680318_900213873.txt	1	0.8261977	671
d_allen_ellender_19680318_900213884.txt	1	0.768366	671
d_allen_ellender_19680318_900213911.txt	1	0.76266056	671
d_allen_ellender_19680318_900213928.txt	1	0.7661079	671
d_allen_ellender_19680318_900213930.txt	1	0.77666944	671
d_allen_ellender_19680318_900213934.txt	1	0.9062849	671
d_allen_ellender_19680318_900214020.txt	1	0.7116948	671
d_allen_ellender_19680422_900232391.txt	1	0.73392767	671
d_allen_ellender_19680423_900232700.txt	1	0.8253107	671
d_allen_ellender_19680423_900232704.txt	1	0.78043664	671
d_allen_ellender_19680423_900232722.txt	1	0.7701519	671
d_allen_ellender_19680423_900232775.txt	1	0.8361865	671
d_allen_ellender_19680429_900234773.txt	1	0.7155299	671
d_allen_ellender_19680429_900234792.txt	1	0.7663266	671
d_allen_ellender_19680429_900234810.txt	1	0.81800437	671
d_allen_ellender_19680429_900234908.txt	1	0.73823154	671
d_allen_ellender_19680523_900250715.txt	1	0.7592444	671
d_allen_ellender_19680523_900250727.txt	1	0.8360782	671
d_allen_ellender_19680529_900256318.txt	1	0.8360233	671
d_allen_ellender_19680529_900256634.txt	1	0.8847283	671
d_allen_ellender_19680529_900256653.txt	1	0.6748297	671
d_allen_ellender_19680613_900263610.txt	1	0.7323826	671
d_allen_ellender_19680613_900263744.txt	1	0.84298	671
d_allen_ellender_19680709_900277731.txt	1	0.7824703	671
d_allen_ellender_19680715_900282769.txt	1	0.77316856	671
d_allen_ellender_19680718_900286609.txt	1	0.7785298	671
d_allen_ellender_19680718_900287026.txt	1	0.8814361	671
d_allen_ellender_19680720_900289968.txt	1	0.8012241	671
d_allen_ellender_19680720_900289987.txt	1	0.73006177	671
d_allen_ellender_19680720_900290099.txt	1	0.8638511	671
d_allen_ellender_19680720_900290108.txt	1	0.714942	671
d_allen_ellender_19680720_900290307.txt	1	0.7375675	671
d_allen_ellender_19680720_900290319.txt	1	0.79089147	671
d_allen_ellender_19680720_900290378.txt	1	0.8282048	671
d_allen_ellender_19680720_900290397.txt	1	0.81779563	671
d_allen_ellender_19680720_900290401.txt	1	0.7124036	671
d_allen_ellender_19680722_900290864.txt	1	0.90627944	671
d_allen_ellender_19680722_900290878.txt	1	0.7083667	671
d_allen_ellender_19680727_900298521.txt	1	0.811022	671
d_allen_ellender_19680727_900298531.txt	1	0.7325691	671
d_allen_ellender_19680727_900298543.txt	1	0.81359345	671
d_allen_ellender_19680729_900299452.txt	1	0.75468934	671
d_allen_ellender_19680729_900299490.txt	1	0.7091749	671
d_allen_ellender_19680729_900299556.txt	1	0.8460459	671
d_allen_ellender_19680729_900299602.txt	1	0.691544	671
d_allen_ellender_19680730_900300315.txt	1	0.7138107	671
d_allen_ellender_19680730_900300323.txt	1	0.7783136	671
d_allen_ellender_19680730_900300343.txt	1	0.70318824	671
d_allen_ellender_19680730_900300360.txt	1	0.6578563	671
d_allen_ellender_19680801_900303465.txt	1	0.7286957	671
d_allen_ellender_19680802_900304793.txt	1	0.71245295	671
d_allen_ellender_19680802_900304796.txt	1	0.82400876	671
d_allen_ellender_19680919_900316279.txt	1	0.7022345	671
d_allen_ellender_19680923_900317533.txt	1	0.7681987	671
d_allen_ellender_19680923_900317539.txt	1	0.7100377	671
d_allen_ellender_19680924_900318106.txt	1	0.72525346	671
d_allen_ellender_19680924_900318112.txt	1	0.76419824	671
d_allen_ellender_19680924_900318124.txt	1	0.792418	671
d_allen_ellender_19680924_900318148.txt	1	0.69965744	671
d_allen_ellender_19680924_900318152.txt	1	0.6683106	671
d_allen_ellender_19680924_900318156.txt	1	0.6692672	671
d_allen_ellender_19680924_900318158.txt	1	0.73586315	671
d_allen_ellender_19680924_900318193.txt	1	0.7660199	671
d_allen_ellender_19680924_900318235.txt	1	0.69144875	671
d_allen_ellender_19680924_900318270.txt	1	0.6748939	671
d_allen_ellender_19680924_900318435.txt	1	0.6658713	671
d_allen_ellender_19680926_900320093.txt	1	0.81184894	671
d_allen_ellender_19680926_900320097.txt	1	0.781704	671
d_allen_ellender_19680926_900320099.txt	1	0.7810262	671
d_allen_ellender_19680926_900320179.txt	1	0.75922793	671
d_almer_monroney_19670118_900002586.txt	1	0.850113	671
d_almer_monroney_19670125_900005152.txt	1	0.8455488	671
d_almer_monroney_19670125_900005159.txt	1	0.80749243	671
d_almer_monroney_19670125_900005163.txt	1	0.7949991	671
d_almer_monroney_19670125_900005165.txt	1	0.6776029	671
d_almer_monroney_19670125_900005192.txt	1	0.7740159	671
d_almer_monroney_19670125_900005196.txt	1	0.74672836	671
d_almer_monroney_19670125_900005204.txt	1	0.70228046	671
d_almer_monroney_19670125_900005214.txt	1	0.7946693	671
d_almer_monroney_19670125_900005232.txt	1	0.72312504	671
d_almer_monroney_19670125_900005259.txt	1	0.7720272	671
d_almer_monroney_19670125_900005277.txt	1	0.79410833	671
d_almer_monroney_19670125_900005285.txt	1	0.72915536	671
d_almer_monroney_19670126_900005637.txt	1	0.8129164	671
d_almer_monroney_19670126_900005646.txt	1	0.81704545	671
d_almer_monroney_19670126_900005667.txt	1	0.6682252	671
d_almer_monroney_19670126_900005682.txt	1	0.7861334	671
d_almer_monroney_19670126_900005684.txt	1	0.78416234	671
d_almer_monroney_19670126_900005768.txt	1	0.7038769	671
d_almer_monroney_19670126_900005773.txt	1	0.7561061	671
d_almer_monroney_19670126_900005818.txt	1	0.7611644	671
d_almer_monroney_19670126_900005822.txt	1	0.74720156	671
d_almer_monroney_19670130_900006496.txt	1	0.7659952	671
d_almer_monroney_19670130_900006506.txt	1	0.77034223	671
d_almer_monroney_19670130_900006518.txt	1	0.67528427	671
d_almer_monroney_19670130_900006627.txt	1	0.86617017	671
d_almer_monroney_19670130_900006669.txt	1	0.7826828	671
d_almer_monroney_19670131_900006927.txt	1	0.7981027	671
d_almer_monroney_19670131_900007032.txt	1	0.75905603	671
d_almer_monroney_19670131_900007064.txt	1	0.73236275	671
d_almer_monroney_19670131_900007076.txt	1	0.78447276	671
d_almer_monroney_19670201_900007770.txt	1	0.76874214	671
d_almer_monroney_19670201_900007813.txt	1	0.80128175	671
d_almer_monroney_19670201_900007835.txt	1	0.7634338	671
d_almer_monroney_19670201_900007873.txt	1	0.7213672	671
d_almer_monroney_19670201_900007920.txt	1	0.8130897	671
d_almer_monroney_19670201_900007930.txt	1	0.7574537	671
d_almer_monroney_19670201_900007938.txt	1	0.79668313	671
d_almer_monroney_19670201_900007961.txt	1	0.76671445	671
d_almer_monroney_19670201_900007985.txt	1	0.76214033	671
d_almer_monroney_19670201_900007991.txt	1	0.8182746	671
d_almer_monroney_19670202_900008388.txt	1	0.8414336	671
d_almer_monroney_19670203_900009016.txt	1	0.7489788	671
d_almer_monroney_19670203_900009054.txt	1	0.717846	671
d_almer_monroney_19670203_900009071.txt	1	0.85334694	671
d_almer_monroney_19670203_900009118.txt	1	0.8541301	671
d_almer_monroney_19670206_900009821.txt	1	0.7421152	671
d_almer_monroney_19670206_900009831.txt	1	0.73637724	671
d_almer_monroney_19670206_900009879.txt	1	0.80917186	671
d_almer_monroney_19670206_900009968.txt	1	0.77915275	671
d_almer_monroney_19670206_900009993.txt	1	0.8197702	671
d_almer_monroney_19670206_900010001.txt	1	0.7717797	671
d_almer_monroney_19670206_900010022.txt	1	0.8092938	671
d_almer_monroney_19670206_900010060.txt	1	0.7980321	671
d_almer_monroney_19670206_900010072.txt	1	0.80498016	671
d_almer_monroney_19670206_900010194.txt	1	0.90090543	671
d_almer_monroney_19670206_900010213.txt	1	0.69074255	671
d_almer_monroney_19670206_900010347.txt	1	0.79806834	671
d_almer_monroney_19670206_900010425.txt	1	0.7135117	671
d_almer_monroney_19670206_900010678.txt	1	0.78750265	671
d_almer_monroney_19670206_900010680.txt	1	0.7410693	671
d_almer_monroney_19670208_900010941.txt	1	0.82110465	671
d_almer_monroney_19670208_900011147.txt	1	0.8555217	671
d_almer_monroney_19670209_900012462.txt	1	0.78237957	671
d_almer_monroney_19670209_900012472.txt	1	0.8407411	671
d_almer_monroney_19670209_900012489.txt	1	0.7696267	671
d_almer_monroney_19670209_900012496.txt	1	0.7938504	671
d_almer_monroney_19670209_900012505.txt	1	0.7667309	671
d_almer_monroney_19670215_900013001.txt	1	0.8414468	671
d_almer_monroney_19670215_900013010.txt	1	0.73085976	671
d_almer_monroney_19670215_900013012.txt	1	0.7892598	671
d_almer_monroney_19670215_900013017.txt	1	0.80175555	671
d_almer_monroney_19670215_900013047.txt	1	0.7537338	671
d_almer_monroney_19670215_900013049.txt	1	0.72840214	671
d_almer_monroney_19670216_900013782.txt	1	0.78097063	671
d_almer_monroney_19670216_900013927.txt	1	0.7537286	671
d_almer_monroney_19670216_900013931.txt	1	0.79548377	671
d_almer_monroney_19670216_900013998.txt	1	0.75730526	671
d_almer_monroney_19670302_900021411.txt	1	0.6527545	671
d_almer_monroney_19670302_900021515.txt	1	0.78986484	671
d_almer_monroney_19670302_900021538.txt	1	0.6799309	671
d_almer_monroney_19670302_900021578.txt	1	0.83949363	671
d_almer_monroney_19670302_900021604.txt	1	0.73085225	671
d_almer_monroney_19670303_900022094.txt	1	0.7539782	671
d_almer_monroney_19670303_900022122.txt	1	0.80089325	671
d_almer_monroney_19670303_900022164.txt	1	0.8306324	671
d_almer_monroney_19670303_900022223.txt	1	0.7085787	671
d_almer_monroney_19670303_900022374.txt	1	0.80928767	671
d_almer_monroney_19670303_900022391.txt	1	0.817368	671
d_almer_monroney_19670303_900022393.txt	1	0.7586064	671
d_almer_monroney_19670303_900022397.txt	1	0.83242124	671
d_almer_monroney_19670303_900022604.txt	1	0.7968292	671
d_almer_monroney_19670306_900023118.txt	1	0.7503935	671
d_almer_monroney_19670306_900023120.txt	1	0.73936886	671
d_almer_monroney_19670306_900023194.txt	1	0.7367449	671
d_almer_monroney_19670306_900023248.txt	1	0.836472	671
d_almer_monroney_19670306_900023258.txt	1	0.717019	671
d_almer_monroney_19670306_900023327.txt	1	0.823597	671
d_almer_monroney_19670306_900023383.txt	1	0.704387	671
d_almer_monroney_19670306_900023388.txt	1	0.7185769	671
d_almer_monroney_19670306_900023422.txt	1	0.8278585	671
d_almer_monroney_19670306_900023431.txt	1	0.7939575	671
d_almer_monroney_19670306_900023487.txt	1	0.778541	671
d_almer_monroney_19670307_900023633.txt	1	0.8138866	671
d_almer_monroney_19670307_900023643.txt	1	0.7407072	671
d_almer_monroney_19670307_900023660.txt	1	0.7904441	671
d_almer_monroney_19670307_900023662.txt	1	0.6985437	671
d_almer_monroney_19670307_900023690.txt	1	0.7353311	671
d_almer_monroney_19670307_900023702.txt	1	0.82257456	671
d_almer_monroney_19670307_900023731.txt	1	0.71267945	671
d_almer_monroney_19670307_900023743.txt	1	0.7283513	671
d_almer_monroney_19670307_900023757.txt	1	0.76478	671
d_almer_monroney_19670307_900023762.txt	1	0.7848287	671
d_almer_monroney_19670307_900023820.txt	1	0.7489297	671
d_almer_monroney_19670307_900023832.txt	1	0.81993556	671
d_almer_monroney_19670307_900023839.txt	1	0.7565726	671
d_almer_monroney_19670410_900037138.txt	1	0.74713415	671
d_almer_monroney_19670427_900046973.txt	1	0.8306149	671
d_almer_monroney_19670501_900048499.txt	1	0.8274576	671
d_almer_monroney_19670504_900050659.txt	1	0.77702844	671
d_almer_monroney_19670523_900058313.txt	1	0.7179041	671
d_almer_monroney_19670523_900058315.txt	1	0.7349222	671
d_almer_monroney_19670615_900073961.txt	1	0.75824714	671
d_almer_monroney_19670619_900075321.txt	1	0.7775735	671
d_almer_monroney_19670619_900075359.txt	1	0.7342493	671
d_almer_monroney_19670622_900078919.txt	1	0.76253176	671
d_almer_monroney_19670710_900085232.txt	1	0.82785064	671
d_almer_monroney_19670710_900085250.txt	1	0.84072435	671
d_almer_monroney_19670721_900092840.txt	1	0.8108802	671
d_almer_monroney_19670721_900092881.txt	1	0.7695283	671
d_almer_monroney_19670727_900095449.txt	1	0.79650986	671
d_almer_monroney_19670731_900096815.txt	1	0.78053397	671
d_almer_monroney_19670824_900113567.txt	1	0.7559849	671
d_almer_monroney_19670911_900118091.txt	1	0.74520534	671
d_almer_monroney_19670914_900121182.txt	1	0.8233719	671
d_almer_monroney_19670918_900123159.txt	1	0.7825993	671
d_almer_monroney_19670926_900129406.txt	1	0.84956574	671
d_almer_monroney_19670926_900129414.txt	1	0.8185876	671
d_almer_monroney_19671003_900134607.txt	1	0.7049968	671
d_almer_monroney_19671004_900136332.txt	1	0.79876316	671
d_almer_monroney_19671004_900136346.txt	1	0.72773457	671
d_almer_monroney_19671004_900136348.txt	1	0.79632056	671
d_almer_monroney_19671004_900136377.txt	1	0.8477623	671
d_almer_monroney_19671004_900136381.txt	1	0.7115405	671
d_almer_monroney_19671004_900136552.txt	1	0.7890104	671
d_almer_monroney_19671005_900137669.txt	1	0.77701104	671
d_almer_monroney_19671005_900137711.txt	1	0.7605491	671
d_almer_monroney_19671005_900137806.txt	1	0.87430197	671
d_almer_monroney_19671010_900138863.txt	1	0.7632891	671
d_almer_monroney_19671011_900140106.txt	1	0.7073967	671
d_almer_monroney_19671011_900140361.txt	1	0.8139274	671
d_almer_monroney_19671025_900148599.txt	1	0.8201262	671
d_almer_monroney_19671026_900149085.txt	1	0.74924105	671
d_almer_monroney_19671026_900149111.txt	1	0.8165113	671
d_almer_monroney_19671109_900158591.txt	1	0.7803914	671
d_almer_monroney_19671109_900158603.txt	1	0.7203583	671
d_almer_monroney_19671121_900167925.txt	1	0.8046428	671
d_almer_monroney_19671121_900167926.txt	1	0.8022343	671
d_almer_monroney_19671121_900167927.txt	1	0.78950804	671
d_almer_monroney_19671122_900169323.txt	1	0.75916296	671
d_almer_monroney_19671122_900169328.txt	1	0.7479619	671
d_almer_monroney_19671128_900171055.txt	1	0.76845014	671
d_almer_monroney_19671128_900171074.txt	1	0.81271076	671
d_almer_monroney_19671128_900171079.txt	1	0.7508418	671
d_almer_monroney_19671128_900171081.txt	1	0.7658534	671
d_almer_monroney_19671128_900171095.txt	1	0.6830028	671
d_almer_monroney_19671128_900171101.txt	1	0.6959568	671
d_almer_monroney_19671128_900171177.txt	1	0.79919934	671
d_almer_monroney_19671128_900171191.txt	1	0.7440934	671
d_almer_monroney_19671128_900171211.txt	1	0.78358746	671
d_almer_monroney_19671128_900171225.txt	1	0.73075163	671
d_almer_monroney_19671128_900171251.txt	1	0.7891224	671
d_almer_monroney_19671128_900171258.txt	1	0.7270096	671
d_almer_monroney_19671128_900171266.txt	1	0.80755144	671
d_almer_monroney_19671128_900171275.txt	1	0.70400417	671
d_almer_monroney_19671128_900171401.txt	1	0.794038	671
d_almer_monroney_19671129_900172921.txt	1	0.81308734	671
d_almer_monroney_19671129_900173015.txt	1	0.8576333	671
d_almer_monroney_19671129_900173073.txt	1	0.76171625	671
d_almer_monroney_19671129_900173154.txt	1	0.7330199	671
d_almer_monroney_19671129_900173194.txt	1	0.7978289	671
d_almer_monroney_19671129_900173228.txt	1	0.8702013	671
d_almer_monroney_19671129_900173269.txt	1	0.77879804	671
d_almer_monroney_19671129_900173278.txt	1	0.7143613	671
d_almer_monroney_19671129_900173282.txt	1	0.6985024	671
d_almer_monroney_19671129_900173307.txt	1	0.78059846	671
d_almer_monroney_19671129_900173314.txt	1	0.6950451	671
d_almer_monroney_19671129_900173330.txt	1	0.74289787	671
d_almer_monroney_19671129_900173439.txt	1	0.754018	671
d_almer_monroney_19671129_900173453.txt	1	0.66777706	671
d_almer_monroney_19671129_900173495.txt	1	0.8554009	671
d_almer_monroney_19671129_900173543.txt	1	0.87505263	671
d_almer_monroney_19671129_900173555.txt	1	0.80149114	671
d_almer_monroney_19671129_900173648.txt	1	0.7075605	671
d_almer_monroney_19671129_900173665.txt	1	0.7708053	671
d_almer_monroney_19671129_900173716.txt	1	0.69448406	671
d_almer_monroney_19671206_900177855.txt	1	0.73999417	671
d_almer_monroney_19671206_900177857.txt	1	0.7840253	671
d_almer_monroney_19671212_900181012.txt	1	0.6878583	671
d_almer_monroney_19671212_900181014.txt	1	0.724423	671
d_almer_monroney_19671212_900181022.txt	1	0.8091948	671
d_almer_monroney_19671212_900181033.txt	1	0.78980076	671
d_almer_monroney_19671212_900181035.txt	1	0.7783495	671
d_almer_monroney_19671212_900181039.txt	1	0.75295854	671
d_almer_monroney_19671212_900181053.txt	1	0.71854985	671
d_almer_monroney_19671212_900181060.txt	1	0.76592356	671
d_almer_monroney_19671212_900181064.txt	1	0.6942173	671
d_almer_monroney_19671212_900181079.txt	1	0.6677095	671
d_almer_monroney_19671212_900181081.txt	1	0.7115214	671
d_almer_monroney_19671212_900181085.txt	1	0.7241233	671
d_almer_monroney_19671212_900181087.txt	1	0.7153395	671
d_almer_monroney_19671212_900181102.txt	1	0.6906264	671
d_almer_monroney_19671212_900181118.txt	1	0.64602524	671
d_almer_monroney_19680123_900187581.txt	1	0.80836874	671
d_almer_monroney_19680125_900189386.txt	1	0.7240226	671
d_almer_monroney_19680129_900189832.txt	1	0.78289455	671
d_almer_monroney_19680129_900189833.txt	1	0.7450788	671
d_almer_monroney_19680129_900189836.txt	1	0.7835376	671
d_almer_monroney_19680130_900190079.txt	1	0.8826572	671
d_almer_monroney_19680201_900192177.txt	1	0.7869805	671
d_almer_monroney_19680202_900193024.txt	1	0.7770774	671
d_almer_monroney_19680205_900194176.txt	1	0.80978376	671
d_almer_monroney_19680216_900197752.txt	1	0.79722047	671
d_almer_monroney_19680304_900205146.txt	1	0.8541729	671
d_almer_monroney_19680304_900205160.txt	1	0.7721499	671
d_almer_monroney_19680311_900209987.txt	1	0.7241909	671
d_almer_monroney_19680311_900210009.txt	1	0.780862	671
d_almer_monroney_19680311_900210015.txt	1	0.73651546	671
d_almer_monroney_19680311_900210053.txt	1	0.76723003	671
d_almer_monroney_19680311_900210073.txt	1	0.79517627	671
d_almer_monroney_19680311_900210085.txt	1	0.7199989	671
d_almer_monroney_19680319_900214467.txt	1	0.76857764	671
d_almer_monroney_19680320_900215712.txt	1	0.75580794	671
d_almer_monroney_19680320_900215721.txt	1	0.8118854	671
d_almer_monroney_19680328_900222243.txt	1	0.76470315	671
d_almer_monroney_19680328_900222287.txt	1	0.7284013	671
d_almer_monroney_19680328_900222334.txt	1	0.81002843	671
d_almer_monroney_19680328_900222723.txt	1	0.74076235	671
d_almer_monroney_19680328_900222728.txt	1	0.76308686	671
d_almer_monroney_19680405_900227705.txt	1	0.7580116	671
d_almer_monroney_19680422_900232197.txt	1	0.8320498	671
d_almer_monroney_19680423_900232625.txt	1	0.80838454	671
d_almer_monroney_19680507_900238806.txt	1	0.7623281	671
d_almer_monroney_19680523_900252248.txt	1	0.769662	671
d_almer_monroney_19680528_900254221.txt	1	0.8408859	671
d_almer_monroney_19680528_900254241.txt	1	0.7109396	671
d_almer_monroney_19680529_900256696.txt	1	0.7575019	671
d_almer_monroney_19680529_900256728.txt	1	0.85475385	671
d_almer_monroney_19680606_900258432.txt	1	0.81212616	671
d_almer_monroney_19680606_900258540.txt	1	0.786348	671
d_almer_monroney_19680606_900258553.txt	1	0.77254283	671
d_almer_monroney_19680606_900258570.txt	1	0.76819116	671
d_almer_monroney_19680606_900258582.txt	1	0.6949496	671
d_almer_monroney_19680612_900261804.txt	1	0.72061867	671
d_almer_monroney_19680612_900261807.txt	1	0.7585645	671
d_almer_monroney_19680613_900263532.txt	1	0.7290719	671
d_almer_monroney_19680701_900273383.txt	1	0.7264417	671
d_almer_monroney_19680702_900274187.txt	1	0.77334094	671
d_almer_monroney_19680711_900281320.txt	1	0.7124555	671
d_almer_monroney_19680720_900290071.txt	1	0.8132302	671
d_almer_monroney_19680720_900290176.txt	1	0.7108492	671
d_almer_monroney_19680723_900293243.txt	1	0.8780306	671
d_almer_monroney_19680723_900293249.txt	1	0.8261126	671
d_almer_monroney_19680723_900293272.txt	1	0.7705947	671
d_almer_monroney_19680723_900293286.txt	1	0.7856424	671
d_almer_monroney_19680723_900293292.txt	1	0.7953575	671
d_almer_monroney_19680724_900294213.txt	1	0.85344565	671
d_almer_monroney_19680726_900297052.txt	1	0.8699771	671
d_almer_monroney_19680726_900297331.txt	1	0.79577214	671
d_almer_monroney_19680726_900297391.txt	1	0.7875487	671
d_almer_monroney_19680730_900300679.txt	1	0.72409356	671
d_almer_monroney_19680731_900302872.txt	1	0.76134866	671
d_almer_monroney_19680731_900302874.txt	1	0.75878006	671
d_almer_monroney_19680802_900304652.txt	1	0.800411	671
d_almer_monroney_19681001_900322764.txt	1	0.7789179	671
d_benjamin_jordan_19670130_900006430.txt	1	0.746191	671
d_benjamin_jordan_19670303_900022124.txt	1	0.65720224	671
d_benjamin_jordan_19670303_900022137.txt	1	0.7033724	671
d_benjamin_jordan_19670316_900029464.txt	1	0.78335565	671
d_benjamin_jordan_19670316_900029513.txt	1	0.8545964	671
d_benjamin_jordan_19670412_900039023.txt	1	0.7740159	671
d_benjamin_jordan_19670425_900045288.txt	1	0.8001626	671
d_benjamin_jordan_19670501_900048316.txt	1	0.87242925	671
d_benjamin_jordan_19670501_900048389.txt	1	0.8028418	671
d_benjamin_jordan_19670811_900105216.txt	1	0.8279811	671
d_benjamin_jordan_19670920_900126050.txt	1	0.6613538	671
d_benjamin_jordan_19670929_900132841.txt	1	0.7320045	671
d_benjamin_jordan_19671206_900177586.txt	1	0.80452275	671
d_benjamin_jordan_19680122_900187112.txt	1	0.7275614	671
d_benjamin_jordan_19680123_900187479.txt	1	0.84204894	671
d_benjamin_jordan_19680201_900192078.txt	1	0.7308573	671
d_benjamin_jordan_19680201_900192120.txt	1	0.71784	671
d_benjamin_jordan_19680219_900198192.txt	1	0.82219297	671
d_benjamin_jordan_19680228_900202776.txt	1	0.7133457	671
d_benjamin_jordan_19680229_900203334.txt	1	0.736782	671
d_benjamin_jordan_19680305_900205363.txt	1	0.77668095	671
d_benjamin_jordan_19680307_900208273.txt	1	0.77924395	671
d_benjamin_jordan_19680307_900208283.txt	1	0.7471832	671
d_benjamin_jordan_19680315_900213177.txt	1	0.783171	671
d_benjamin_jordan_19680315_900213195.txt	1	0.7508151	671
d_benjamin_jordan_19680315_900213297.txt	1	0.69774127	671
d_benjamin_jordan_19680315_900213300.txt	1	0.7105817	671
d_benjamin_jordan_19680315_900213324.txt	1	0.7283103	671
d_benjamin_jordan_19680426_900234371.txt	1	0.6675467	671
d_benjamin_jordan_19680426_900234382.txt	1	0.73796827	671
d_benjamin_jordan_19680611_900260202.txt	1	0.7787239	671
d_benjamin_jordan_19680617_900264163.txt	1	0.7547732	671
d_benjamin_jordan_19680729_900299911.txt	1	0.72326964	671
d_benjamin_jordan_19680926_900320457.txt	1	0.85232913	671
d_birch_bayh_19670116_900001714.txt	1	0.7736068	671
d_birch_bayh_19670131_900006811.txt	1	0.7798934	671
d_birch_bayh_19670131_900006818.txt	1	0.770255	671
d_birch_bayh_19670131_900006821.txt	1	0.80992144	671
d_birch_bayh_19670201_900007620.txt	1	0.86298466	671
d_birch_bayh_19670201_900007648.txt	1	0.71526504	671
d_birch_bayh_19670215_900012848.txt	1	0.7098958	671
d_birch_bayh_19670215_900012935.txt	1	0.76717854	671
d_birch_bayh_19670228_900018469.txt	1	0.750666	671
d_birch_bayh_19670228_900018478.txt	1	0.76615816	671
d_birch_bayh_19670302_900021342.txt	1	0.7048393	671
d_birch_bayh_19670302_900021584.txt	1	0.79994994	671
d_birch_bayh_19670302_900021588.txt	1	0.76798797	671
d_birch_bayh_19670307_900023572.txt	1	0.78081596	671
d_birch_bayh_19670308_900024708.txt	1	0.8621208	671
d_birch_bayh_19670316_900029730.txt	1	0.73353213	671
d_birch_bayh_19670316_900029732.txt	1	0.6928832	671
d_birch_bayh_19670406_900035793.txt	1	0.81237966	671
d_birch_bayh_19670417_900041467.txt	1	0.7545527	671
d_birch_bayh_19670503_900049428.txt	1	0.8389872	671
d_birch_bayh_19670509_900052054.txt	1	0.7263628	671
d_birch_bayh_19670510_900052538.txt	1	0.7162366	671
d_birch_bayh_19670511_900053537.txt	1	0.7114735	671
d_birch_bayh_19670515_900054039.txt	1	0.70011306	671
d_birch_bayh_19670515_900054119.txt	1	0.7177762	671
d_birch_bayh_19670516_900055536.txt	1	0.8635821	671
d_birch_bayh_19670516_900055544.txt	1	0.90301406	671
d_birch_bayh_19670516_900055593.txt	1	0.8112812	671
d_birch_bayh_19670516_900055613.txt	1	0.7521652	671
d_birch_bayh_19670516_900055658.txt	1	0.76117307	671
d_birch_bayh_19670517_900055855.txt	1	0.74180657	671
d_birch_bayh_19670605_900065019.txt	1	0.7411369	671
d_birch_bayh_19670606_900065287.txt	1	0.78832716	671
d_birch_bayh_19670608_900068283.txt	1	0.75534964	671
d_birch_bayh_19670620_900076433.txt	1	0.79533166	671
d_birch_bayh_19670620_900076438.txt	1	0.7604855	671
d_birch_bayh_19670620_900076442.txt	1	0.83559597	671
d_birch_bayh_19670718_900089967.txt	1	0.8291497	671
d_birch_bayh_19670725_900094415.txt	1	0.7884257	671
d_birch_bayh_19670913_900120275.txt	1	0.8145036	671
d_birch_bayh_19670913_900120277.txt	1	0.8234775	671
d_birch_bayh_19670913_900120289.txt	1	0.77451557	671
d_birch_bayh_19670914_900120635.txt	1	0.8352142	671
d_birch_bayh_19671017_900143314.txt	1	0.7594714	671
d_birch_bayh_19671108_900156901.txt	1	0.7137562	671
d_birch_bayh_19671108_900157102.txt	1	0.7578068	671
d_birch_bayh_19671130_900174167.txt	1	0.8030353	671
d_birch_bayh_19671204_900175699.txt	1	0.8061174	671
d_birch_bayh_19671212_900181349.txt	1	0.78863263	671
d_birch_bayh_19680313_900211584.txt	1	0.71796465	671
d_birch_bayh_19680321_900216246.txt	1	0.8260814	671
d_birch_bayh_19680321_900216282.txt	1	0.7835364	671
d_birch_bayh_19680327_900220436.txt	1	0.7827288	671
d_birch_bayh_19680402_900224732.txt	1	0.71832776	671
d_birch_bayh_19680508_900240299.txt	1	0.7982858	671
d_birch_bayh_19680508_900240316.txt	1	0.7973521	671
d_birch_bayh_19680514_900243643.txt	1	0.7484472	671
d_birch_bayh_19680514_900243645.txt	1	0.7799534	671
d_birch_bayh_19680517_900246437.txt	1	0.74106073	671
d_birch_bayh_19680523_900251960.txt	1	0.7811886	671
d_birch_bayh_19680523_900252084.txt	1	0.72566044	671
d_birch_bayh_19680527_900253780.txt	1	0.7595201	671
d_birch_bayh_19680528_900254527.txt	1	0.74457115	671
d_birch_bayh_19680528_900254549.txt	1	0.7297254	671
d_birch_bayh_19680528_900254555.txt	1	0.7222458	671
d_birch_bayh_19680528_900254589.txt	1	0.7245513	671
d_birch_bayh_19680604_900257670.txt	1	0.85302496	671
d_birch_bayh_19680606_900258668.txt	1	0.783338	671
d_birch_bayh_19680611_900260215.txt	1	0.79897904	671
d_birch_bayh_19680701_900273540.txt	1	0.76268524	671
d_birch_bayh_19680702_900274049.txt	1	0.8153142	671
d_birch_bayh_19680703_900275555.txt	1	0.76202416	671
d_birch_bayh_19680718_900286409.txt	1	0.8080755	671
d_birch_bayh_19680729_900299642.txt	1	0.7995969	671
d_birch_bayh_19680729_900299999.txt	1	0.8909518	671
d_birch_bayh_19680729_900300019.txt	1	0.79487586	671
d_birch_bayh_19680731_900302316.txt	1	0.8199859	671
d_birch_bayh_19680801_900303118.txt	1	0.8192096	671
d_birch_bayh_19680802_900304579.txt	1	0.83891565	671
d_birch_bayh_19680802_900304581.txt	1	0.8326496	671
d_birch_bayh_19680919_900315774.txt	1	0.8459507	671
d_carl_hayden_19670118_900002816.txt	1	0.83135974	671
d_carl_hayden_19670203_900009072.txt	1	0.7921753	671
d_carl_hayden_19670215_900012816.txt	1	0.7655307	671
d_carl_hayden_19670216_900013724.txt	1	0.7600889	671
d_carl_hayden_19670307_900023631.txt	1	0.72652	671
d_carl_hayden_19670517_900056079.txt	1	0.71328366	671
d_carl_hayden_19670818_900110150.txt	1	0.6655102	671
d_carl_hayden_19670822_900111548.txt	1	0.81488603	671
d_carl_hayden_19671128_900171132.txt	1	0.80064374	671
d_carl_hayden_19671206_900177539.txt	1	0.83853143	671
d_carl_hayden_19671212_900181137.txt	1	0.74339837	671
d_carl_hayden_19680322_900217273.txt	1	0.7550587	671
d_carl_hayden_19680517_900246464.txt	1	0.81862384	671
d_carl_hayden_19680617_900264221.txt	1	0.7144205	671
d_carl_hayden_19680626_900270277.txt	1	0.7141233	671
d_carl_hayden_19680626_900270279.txt	1	0.81644934	671
d_carl_hayden_19680711_900281188.txt	1	0.77099067	671
d_carl_hayden_19680912_900310054.txt	1	0.8877082	671
d_claiborne_pell_19670110_900000032.txt	1	0.76910263	671
d_claiborne_pell_19670112_900001134.txt	1	0.8153644	671
d_claiborne_pell_19670117_900001800.txt	1	0.86571026	671
d_claiborne_pell_19670118_900002593.txt	1	0.7218507	671
d_claiborne_pell_19670119_900003266.txt	1	0.7773547	671
d_claiborne_pell_19670123_900004136.txt	1	0.6714394	671
d_claiborne_pell_19670206_900009765.txt	1	0.6955565	671
d_claiborne_pell_19670209_900012662.txt	1	0.79958713	671
d_claiborne_pell_19670223_900016915.txt	1	0.800474	671
d_claiborne_pell_19670228_900018389.txt	1	0.7349367	671
d_claiborne_pell_19670302_900021362.txt	1	0.83294034	671
d_claiborne_pell_19670302_900021846.txt	1	0.76752937	671
d_claiborne_pell_19670302_900021848.txt	1	0.71651757	671
d_claiborne_pell_19670307_900023579.txt	1	0.73671544	671
d_claiborne_pell_19670313_900026769.txt	1	0.8371497	671
d_claiborne_pell_19670316_900029793.txt	1	0.79665077	671
d_claiborne_pell_19670323_900033168.txt	1	0.70766574	671
d_claiborne_pell_19670323_900033352.txt	1	0.7897417	671
d_claiborne_pell_19670419_900042932.txt	1	0.70393586	671
d_claiborne_pell_19670419_900042968.txt	1	0.70310616	671
d_claiborne_pell_19670504_900050703.txt	1	0.8583698	671
d_claiborne_pell_19670509_900052149.txt	1	0.74192566	671
d_claiborne_pell_19670511_900053967.txt	1	0.8410845	671
d_claiborne_pell_19670517_900055766.txt	1	0.85990983	671
d_claiborne_pell_19670517_900056097.txt	1	0.7673233	671
d_claiborne_pell_19670518_900057646.txt	1	0.74699223	671
d_claiborne_pell_19670607_900066802.txt	1	0.74607956	671
d_claiborne_pell_19670629_900084865.txt	1	0.8676793	671
d_claiborne_pell_19670629_900084898.txt	1	0.7686651	671
d_claiborne_pell_19670712_900086685.txt	1	0.82264775	671
d_claiborne_pell_19670713_900089403.txt	1	0.686438	671
d_claiborne_pell_19670718_900090053.txt	1	0.8018647	671
d_claiborne_pell_19670810_900104134.txt	1	0.7673645	671
d_claiborne_pell_19670810_900104138.txt	1	0.7606352	671
d_claiborne_pell_19670815_900106244.txt	1	0.8103582	671
d_claiborne_pell_19670816_900108318.txt	1	0.8175907	671
d_claiborne_pell_19670817_900109372.txt	1	0.7537157	671
d_claiborne_pell_19670822_900111975.txt	1	0.75743407	671
d_claiborne_pell_19670829_900116715.txt	1	0.74595994	671
d_claiborne_pell_19670830_900117077.txt	1	0.7847802	671
d_claiborne_pell_19670831_900117419.txt	1	0.83422536	671
d_claiborne_pell_19670831_900117420.txt	1	0.73097706	671
d_claiborne_pell_19670921_900126092.txt	1	0.8154203	671
d_claiborne_pell_19670921_900126156.txt	1	0.6602112	671
d_claiborne_pell_19670926_900128837.txt	1	0.8107785	671
d_claiborne_pell_19670927_900131163.txt	1	0.8539986	671
d_claiborne_pell_19671003_900134189.txt	1	0.79504776	671
d_claiborne_pell_19671106_900154530.txt	1	0.7498169	671
d_claiborne_pell_19671107_900156045.txt	1	0.80123115	671
d_claiborne_pell_19671109_900158753.txt	1	0.8155801	671
d_claiborne_pell_19671113_900159078.txt	1	0.7935958	671
d_claiborne_pell_19671113_900159116.txt	1	0.80085313	671
d_claiborne_pell_19671116_900162988.txt	1	0.7945097	671
d_claiborne_pell_19671201_900174923.txt	1	0.7830568	671
d_claiborne_pell_19671208_900179056.txt	1	0.8313383	671
d_claiborne_pell_19671213_900181730.txt	1	0.82296175	671
d_claiborne_pell_19680123_900187432.txt	1	0.7905015	671
d_claiborne_pell_19680129_900189804.txt	1	0.72390676	671
d_claiborne_pell_19680130_900190048.txt	1	0.700302	671
d_claiborne_pell_19680201_900192170.txt	1	0.7643402	671
d_claiborne_pell_19680205_900194046.txt	1	0.8287774	671
d_claiborne_pell_19680228_900202751.txt	1	0.8081132	671
d_claiborne_pell_19680307_900208632.txt	1	0.85857385	671
d_claiborne_pell_19680307_900208633.txt	1	0.759387	671
d_claiborne_pell_19680312_900210342.txt	1	0.74835116	671
d_claiborne_pell_19680314_900212326.txt	1	0.757985	671
d_claiborne_pell_19680314_900212327.txt	1	0.7244494	671
d_claiborne_pell_19680315_900213117.txt	1	0.7950088	671
d_claiborne_pell_19680322_900217431.txt	1	0.82126594	671
d_claiborne_pell_19680322_900217433.txt	1	0.81871396	671
d_claiborne_pell_19680418_900231207.txt	1	0.81805044	671
d_claiborne_pell_19680418_900231208.txt	1	0.7865044	671
d_claiborne_pell_19680418_900231209.txt	1	0.7470843	671
d_claiborne_pell_19680426_900234286.txt	1	0.7472492	671
d_claiborne_pell_19680503_900237609.txt	1	0.7157823	671
d_claiborne_pell_19680507_900238803.txt	1	0.8096517	671
d_claiborne_pell_19680515_900244592.txt	1	0.76699394	671
d_claiborne_pell_19680515_900244594.txt	1	0.6939829	671
d_claiborne_pell_19680515_900244598.txt	1	0.71629685	671
d_claiborne_pell_19680612_900261568.txt	1	0.76439345	671
d_claiborne_pell_19680618_900265216.txt	1	0.7684405	671
d_claiborne_pell_19680621_900267228.txt	1	0.8562754	671
d_claiborne_pell_19680621_900267284.txt	1	0.75261456	671
d_claiborne_pell_19680621_900267286.txt	1	0.7389832	671
d_claiborne_pell_19680621_900267528.txt	1	0.753492	671
d_claiborne_pell_19680626_900269943.txt	1	0.74405736	671
d_claiborne_pell_19680626_900270295.txt	1	0.8498406	671
d_claiborne_pell_19680715_900282479.txt	1	0.7736334	671
d_claiborne_pell_19680715_900282483.txt	1	0.7522621	671
d_claiborne_pell_19680719_900289125.txt	1	0.85118055	671
d_claiborne_pell_19680720_900289913.txt	1	0.8014757	671
d_claiborne_pell_19680725_900295168.txt	1	0.7216296	671
d_claiborne_pell_19680727_900298446.txt	1	0.74115074	671
d_claiborne_pell_19680730_900300172.txt	1	0.8114242	671
d_claiborne_pell_19680730_900300787.txt	1	0.82457745	671
d_claiborne_pell_19680802_900304826.txt	1	0.78839636	671
d_claiborne_pell_19680911_900309378.txt	1	0.742799	671
d_claiborne_pell_19680926_900320187.txt	1	0.8126946	671
d_claiborne_pell_19680926_900320190.txt	1	0.7570754	671
d_claiborne_pell_19680927_900321389.txt	1	0.8579414	671
d_claiborne_pell_19681001_900322587.txt	1	0.79866135	671
d_claiborne_pell_19681008_900326800.txt	1	0.75390196	671
d_claiborne_pell_19681011_900331543.txt	1	0.8126215	671
d_claiborne_pell_19681011_900331555.txt	1	0.7746654	671
d_claiborne_pell_19681011_900331559.txt	1	0.7994426	671
d_claiborne_pell_19681011_900331560.txt	1	0.82397276	671
d_clinton_anderson_19670118_900002595.txt	1	0.8491431	671
d_clinton_anderson_19670131_900006739.txt	1	0.72955644	671
d_clinton_anderson_19670131_900007101.txt	1	0.78837025	671
d_clinton_anderson_19670201_900007636.txt	1	0.7480746	671
d_clinton_anderson_19670406_900035795.txt	1	0.7816993	671
d_clinton_anderson_19670426_900046676.txt	1	0.7892825	671
d_clinton_anderson_19670426_900046677.txt	1	0.7428264	671
d_clinton_anderson_19670501_900048482.txt	1	0.8268026	671
d_clinton_anderson_19670605_900065024.txt	1	0.66827756	671
d_clinton_anderson_19670606_900065310.txt	1	0.7531236	671
d_clinton_anderson_19670616_900074223.txt	1	0.69906014	671
d_clinton_anderson_19670627_900081228.txt	1	0.7213763	671
d_clinton_anderson_19670627_900081740.txt	1	0.7661182	671
d_clinton_anderson_19670627_900081742.txt	1	0.7246688	671
d_clinton_anderson_19670628_900082613.txt	1	0.7726802	671
d_clinton_anderson_19670628_900082646.txt	1	0.78475726	671
d_clinton_anderson_19670628_900082700.txt	1	0.665403	671
d_clinton_anderson_19670628_900082718.txt	1	0.6244731	671
d_clinton_anderson_19670815_900106239.txt	1	0.7782368	671
d_clinton_anderson_19670926_900129088.txt	1	0.8140486	671
d_clinton_anderson_19671212_900181370.txt	1	0.76843846	671
d_clinton_anderson_19680130_900190072.txt	1	0.7846692	671
d_clinton_anderson_19680208_900195412.txt	1	0.70273656	671
d_clinton_anderson_19680302_900204305.txt	1	0.7359427	671
d_clinton_anderson_19680315_900213097.txt	1	0.71431816	671
d_clinton_anderson_19680315_900213194.txt	1	0.779375	671
d_clinton_anderson_19680315_900213198.txt	1	0.7488067	671
d_clinton_anderson_19680321_900216736.txt	1	0.65720224	671
d_clinton_anderson_19680321_900216739.txt	1	0.74266756	671
d_clinton_anderson_19680321_900216759.txt	1	0.803424	671
d_clinton_anderson_19680322_900217356.txt	1	0.7188576	671
d_clinton_anderson_19680328_900222001.txt	1	0.7408221	671
d_clinton_anderson_19680408_900227997.txt	1	0.6915485	671
